0.644980
0.731183
0.707582
0.604320
0.621684
0.599673
0.586159
0.740118
0.702439
0.744081
0.660103
0.631605
0.586431
0.624669
0.606308
0.696399
0.707714
0.707625
0.569711
0.669092
0.735991
0.587006
0.613887
0.639916
0.683279
0.681773
0.630349
0.752714
0.704257
0.606242
0.663176
0.627248
0.761512
0.675642
0.609137
0.624222
0.558347
0.711739
0.632123
0.612901
0.603542
0.623644
0.605905
0.665370
0.735502
0.672846
0.571773
0.616596
0.541615
0.575524
0.574713
0.659837
0.700710
0.581204
0.652313
0.624670
0.582294
0.693077
0.703319
0.762230
0.625735
0.637247
0.694193
0.727917
0.615842
0.661663
0.620377
0.598238
0.612980
0.634945
0.578468
0.714288
0.594843
0.635756
0.573137
0.636374
0.608593
0.639891
0.635011
0.561559
0.583412
0.746668
0.605494
0.628373
0.667397
0.596989
0.655538
0.543784
0.614259
0.675579
0.668425
0.710763
0.633160
0.744836
0.702816
0.600949
0.578350
0.655558
0.697137
0.685667
0.609428
0.714926
0.745441
0.725486
0.566698
0.664330
0.702808
0.739144
0.757357
0.743794
0.694936
0.688194
0.595821
0.596064
0.603016
0.702203
0.614502
0.701108
0.608595
0.756812
0.668259
0.629874
0.652493
0.644460
0.746179
0.646966
0.535015
0.661230
0.603294
0.701865
0.656497
0.663123
0.684288
0.712527
0.556432
0.601019
0.599668
0.684411
0.697285
0.585802
0.683573
0.757136
0.601251
0.557233
0.710538
0.612346
0.603094
0.587328
0.613138
0.592857
0.593754
0.566443
0.715706
0.580632
0.607328
0.712098
0.573286
0.755564
0.673611
0.601037
0.566893
0.711350
0.639253
0.591688
0.582620
0.665037
0.590101
0.581802
0.571320
0.656402
0.600529
0.623150
0.723415
0.597716
0.609836
0.645346
0.716655
0.717805
0.558157
0.560731
0.622682
0.633472
0.661686
0.596075
0.694596
0.735124
0.674268
0.654740
0.559747
0.672210
0.761382
0.755135
0.589351
0.606852
0.649678
0.708492
