-0.193155
-0.154145
-0.178682
-0.208657
-0.156637
-0.145366
-0.218868
-0.165094
-0.150379
-0.179059
-0.181972
-0.195020
-0.167585
-0.186155
-0.164153
-0.196382
-0.164795
-0.193634
-0.241520
-0.242317
-0.182901
-0.157191
-0.267299
-0.134203
-0.178473
-0.194597
-0.161330
-0.139505
-0.175091
-0.217632
-0.197616
-0.156099
-0.188700
-0.171557
-0.201398
-0.139313
-0.187183
-0.183549
-0.203395
-0.232141
-0.178519
-0.165068
-0.228814
-0.124420
-0.184316
-0.159300
-0.230460
-0.191833
-0.137193
-0.165744
-0.206153
-0.113180
-0.177787
-0.194675
-0.165295
-0.205548
-0.152780
-0.141669
-0.179585
-0.218597
-0.173434
-0.145486
-0.191406
-0.183406
-0.153164
-0.182024
-0.179560
-0.123980
-0.184811
-0.145283
-0.107065
-0.169112
-0.208194
-0.152370
-0.158933
-0.172987
-0.158414
-0.190011
-0.144534
-0.169215
-0.195332
-0.203678
-0.173980
-0.194294
-0.147230
-0.155204
-0.213755
-0.186194
-0.128894
-0.183197
-0.145444
-0.139573
-0.164639
-0.172943
-0.172324
-0.108139
-0.165966
-0.203212
-0.210633
-0.257057
-0.196417
-0.207727
-0.166110
-0.193093
-0.125870
-0.159682
-0.167386
-0.140495
-0.195707
-0.154123
-0.181027
-0.175315
-0.127154
-0.197305
-0.148386
-0.188647
-0.148775
-0.147800
-0.190580
-0.124636
-0.139568
-0.178388
-0.139666
-0.238715
-0.269504
-0.287689
-0.283739
-0.362505
-0.448060
-0.359564
-0.344822
-0.303455
-0.188649
-0.204930
-0.201608
-0.131204
-0.169819
-0.129662
-0.204072
-0.150699
-0.169669
-0.185074
-0.237356
-0.167067
-0.150021
-0.125274
-0.169775
-0.163154
-0.124782
-0.329318
-0.276293
-0.371657
-0.433688
-0.490159
-0.742903
-0.452275
-0.526766
-0.516814
-0.515293
-0.456672
-0.294410
-0.241169
-0.182883
-0.132159
-0.201334
-0.092571
-0.180227
-0.201630
-0.175904
-0.171688
-0.206339
-0.157905
-0.149707
-0.174845
-0.125953
-0.160597
-0.193116
-0.325783
-0.392874
-0.526186
-0.562148
-0.704367
-0.670264
-0.636732
-0.728791
-0.603102
-0.477361
-0.486408
-0.332925
-0.261994
-0.233629
-0.198839
-0.295578
-0.163461
-0.168020
-0.161296
-0.263595
-0.160775
-0.149180
-0.158090
-0.156258
-0.129413
-0.132247
-0.200317
-0.285795
-0.351268
-0.549645
-0.514412
-0.646112
-0.643708
-0.659094
-0.584286
-0.703370
-0.629819
-0.608117
-0.516312
-0.461894
-0.405113
-0.247293
-0.175942
-0.238430
-0.153669
-0.164969
-0.136961
-0.190720
-0.161395
-0.145942
-0.171124
-0.107130
-0.147559
-0.158829
-0.194332
-0.239069
-0.412604
-0.582842
-0.584220
-0.598626
-0.577516
-0.506891
-0.569288
-0.643412
-0.439326
-0.581225
-0.486501
-0.503801
-0.305671
-0.287243
-0.121083
-0.123804
-0.158740
-0.193187
-0.170923
-0.194098
-0.154421
-0.200444
-0.176222
-0.158497
-0.160350
-0.224617
-0.307266
-0.281684
-0.489238
-0.636143
-0.592248
-0.529995
-0.501762
-0.425169
-0.315172
-0.496769
-0.553519
-0.569148
-0.511000
-0.475204
-0.349972
-0.266130
-0.178244
-0.106816
-0.197447
-0.114668
-0.200593
-0.180547
-0.165671
-0.150027
-0.203961
-0.159359
-0.131637
-0.197655
-0.218823
-0.376013
-0.548015
-0.568662
-0.508778
-0.432792
-0.253402
-0.245024
-0.319557
-0.443863
-0.497609
-0.564270
-0.361559
-0.477054
-0.341132
-0.329889
-0.141042
-0.171541
-0.167768
-0.175740
-0.168797
-0.188164
-0.202502
-0.197985
-0.172114
-0.194973
-0.161438
-0.246284
-0.303061
-0.451136
-0.591885
-0.629975
-0.491849
-0.381725
-0.400043
-0.281942
-0.382197
-0.421078
-0.505684
-0.471119
-0.426403
-0.424272
-0.231447
-0.262994
-0.125157
-0.142043
-0.115074
-0.182269
-0.156788
-0.221644
-0.140450
-0.182374
-0.199716
-0.136152
-0.136244
-0.222164
-0.351837
-0.407705
-0.611292
-0.447275
-0.489835
-0.387957
-0.289504
-0.396313
-0.422123
-0.544491
-0.461856
-0.525850
-0.511292
-0.433629
-0.315801
-0.258517
-0.236737
-0.151712
-0.146196
-0.221777
-0.109007
-0.208868
-0.169662
-0.144776
-0.129883
-0.153696
-0.093487
-0.177282
-0.456212
-0.498910
-0.588009
-0.647279
-0.484641
-0.479898
-0.448974
-0.581807
-0.522563
-0.544372
-0.531401
-0.555055
-0.377846
-0.431845
-0.338217
-0.280229
-0.203165
-0.172341
-0.127511
-0.162204
-0.176462
-0.207033
-0.143085
-0.153722
-0.185118
-0.204476
-0.238656
-0.178040
-0.404285
-0.570336
-0.510964
-0.451516
-0.404314
-0.379576
-0.398864
-0.478487
-0.572425
-0.634157
-0.490915
-0.522753
-0.453965
-0.456843
-0.353176
-0.268076
-0.150447
-0.100247
-0.133327
-0.148803
-0.195776
-0.190132
-0.195639
-0.156315
-0.121997
-0.135761
-0.191633
-0.311807
-0.379777
-0.520348
-0.554800
-0.583996
-0.403124
-0.495916
-0.518653
-0.632038
-0.602292
-0.651318
-0.573423
-0.522363
-0.588955
-0.448461
-0.352704
-0.313618
-0.165731
-0.206012
-0.151199
-0.186892
-0.167316
-0.189632
-0.151065
-0.222115
-0.143213
-0.175346
-0.149052
-0.292503
-0.393290
-0.359996
-0.361264
-0.485355
-0.389648
-0.543749
-0.423154
-0.458951
-0.439300
-0.498965
-0.561893
-0.566044
-0.540755
-0.476988
-0.387374
-0.345062
-0.094580
-0.172882
-0.168294
-0.145002
-0.131746
-0.232272
-0.206330
-0.168333
-0.137218
-0.147365
-0.273917
-0.263766
-0.372589
-0.399699
-0.529021
-0.454174
-0.459932
-0.382361
-0.464156
-0.454602
-0.520031
-0.447131
-0.473798
-0.575612
-0.453654
-0.461472
-0.369693
-0.223894
-0.168757
-0.178560
-0.152412
-0.160661
-0.155716
-0.163056
-0.131297
-0.109531
-0.197941
-0.208801
-0.248400
-0.355593
-0.390688
-0.496046
-0.424558
-0.462196
-0.518533
-0.400435
-0.324991
-0.488951
-0.541996
-0.514315
-0.673047
-0.600973
-0.585918
-0.482167
-0.358855
-0.243402
-0.199159
-0.095765
-0.205366
-0.199113
-0.200470
-0.141399
-0.172913
-0.192200
-0.148342
-0.213194
-0.292224
-0.321278
-0.455644
-0.458376
-0.490322
-0.444086
-0.514193
-0.498728
-0.472740
-0.489942
-0.522683
-0.591028
-0.525127
-0.668836
-0.477732
-0.421244
-0.259582
-0.181529
-0.184952
-0.187157
-0.117669
-0.161470
-0.158086
-0.200941
-0.120625
-0.180229
-0.164955
-0.127181
-0.202776
-0.327479
-0.424308
-0.534703
-0.620897
-0.599115
-0.594731
-0.553528
-0.481036
-0.628052
-0.615853
-0.562080
-0.591345
-0.476889
-0.483287
-0.342837
-0.189624
-0.136156
-0.156723
-0.159042
-0.160391
-0.178299
-0.171542
-0.175139
-0.104494
-0.147303
-0.143079
-0.162405
-0.234321
-0.243901
-0.454230
-0.516967
-0.472308
-0.588881
-0.565489
-0.649470
-0.672847
-0.613866
-0.585412
-0.593745
-0.552422
-0.538474
-0.284011
-0.246571
-0.215745
-0.135734
-0.203845
-0.202308
-0.124324
-0.168164
-0.155544
-0.202680
-0.179482
-0.104533
-0.149245
-0.135603
-0.213537
-0.231528
-0.359706
-0.377745
-0.462124
-0.592008
-0.614843
-0.617593
-0.537853
-0.578677
-0.545758
-0.503100
-0.370696
-0.338841
-0.236741
-0.249957
-0.140467
-0.132016
-0.175749
-0.146581
-0.163406
-0.159235
-0.183474
-0.188729
-0.164300
-0.149917
-0.190693
-0.140460
-0.180350
-0.166913
-0.290920
-0.264536
-0.386168
-0.431873
-0.605757
-0.657338
-0.452853
-0.606735
-0.566377
-0.451904
-0.281504
-0.299039
-0.170613
-0.158032
-0.159215
-0.191929
-0.176847
-0.163679
-0.209128
-0.150607
-0.196044
-0.136023
-0.188795
-0.201055
-0.185911
-0.122281
-0.167828
-0.189023
-0.171236
-0.202121
-0.298605
-0.254834
-0.317856
-0.373559
-0.429259
-0.509453
-0.301950
-0.282378
-0.215068
-0.218563
-0.168249
-0.161715
-0.119754
-0.130744
-0.163116
-0.145286
-0.172183
-0.211972
-0.145211
-0.160019
-0.157519
-0.158168
-0.102802
-0.157477
-0.219135
-0.150852
-0.143054
-0.235989
-0.207934
-0.237669
-0.215389
-0.267554
-0.241702
-0.311455
-0.222310
-0.270945
-0.207255
-0.186378
-0.156980
-0.213801
-0.154357
-0.186002
-0.241515
-0.205752
-0.179326
-0.231846
-0.169979
-0.157467
-0.190734
-0.182745
-0.154749
-0.164128
-0.160733
-0.151589
-0.162806
-0.143455
-0.184722
-0.156730
-0.159620
-0.200317
-0.202566
-0.234313
-0.232285
-0.179253
-0.173712
-0.136724
-0.215422
-0.176225
-0.167105
-0.167597
-0.228897
-0.155728
-0.140815
-0.183305
-0.186347
-0.176233
-0.190533
-0.186336
-0.166433
-0.137235
-0.138049
-0.150691
-0.175989
-0.198119
-0.222263
-0.163321
-0.151538
-0.197620
-0.153014
-0.132910
-0.191987
-0.159397
-0.194788
-0.134779
-0.160712
-0.171487
-0.154232
-0.122367
-0.161126
-0.140078
-0.212457
-0.172115
-0.173558
