-5.104844504863654E-03 6.998095507278618E-03 5.964406375565886E-05
-3.667217633439244E-01 -2.350337243533189E-01 1.345466215096626E-02
-1.301853081587911E-01 -7.085060472975164E-01 -2.540699149696493E-03
-2.265986830612262E-01 -9.835512055098726E-01 1.069184746490825E-04
7.108730662834252E-01 -1.199447118854679E+00 -4.278475231957416E-02
1.677195951568870E+00 -4.880824584677406E+00 -1.727810978990723E-02
4.550287062551447E+00 -8.913504225661390E+00 -2.616263737233871E-02
1.585006911010986E+01 1.186362760450571E+01 -1.612779287736014E-01
2.933769196231363E+01 -5.868197920766344E+00 -5.552722702325344E-01
1.344421729439634E+01 -3.127519289858073E+01 -5.422421745798941E-01
