-8.087965646318838E-06 -3.672635100301999E-06 2.327262747180301E-07
9.867439396746261E-03 -2.214189214529570E-02 -2.714706810307897E-03
1.978018839034413E-02 -3.567287201711285E-03 -1.190593687889717E-03
1.649437640936127E-02 -3.823787968175093E-03 1.028106894983822E-06
1.255581879617640E-02 8.338839128644264E-03 -1.331820461319816E-04
7.043077187106945E-03 2.811342708652415E-03 -1.692397128222324E-04
4.659080287425327E-03 2.521908062548413E-03 -2.296938212074604E-04
-2.385734174529411E-03 2.965483553279859E-03 4.188080027773649E-05
5.945633780489020E-04 3.096400522987506E-03 -7.760514516891488E-05
2.947273320268501E-03 5.660372520008988E-04 -9.057105334282921E-04
