-0.0029541294523179554 -0.0013414299703853052 8.50032718407605e-05
3.604082239661572 -8.087326106069254 -0.9915466624649594
7.224713809573193 -1.302951650425047 -0.4348643445017191
6.024570983519204 -1.3966385553759526 0.00037551604339284097
4.58601281530343 3.0457609917373176 -0.048644742349706276
2.5724839425908117 1.0268429243352946 -0.06181480510832039
1.7017290749821006 0.9211269198458077 -0.08389566819602491
-0.8713894072468673 1.0831428678354684 0.015296962301443255
0.21716427383236145 1.1309602910211867 -0.02834527927294616
1.0764915802280701 0.2067451062933283 -0.3308107723346837
