0.413389
0.459348
0.459106
0.476022
0.431663
0.466075
0.365162
0.473308
0.444558
0.460848
0.455033
0.470257
0.460741
0.486996
0.452037
0.494114
0.453226
0.479979
0.469671
0.469083
0.470120
0.464249
0.460064
0.461780
0.446391
0.469272
0.433979
0.462787
0.452238
0.463639
0.431721
0.470581
0.456052
0.455009
0.458870
0.461175
0.449315
0.467714
0.404485
0.463997
0.435465
0.459481
0.458992
0.457767
0.434434
0.483536
0.433032
0.458942
0.445355
0.468112
0.441732
0.453255
0.460330
0.464387
0.460849
0.481956
0.427430
0.461803
0.458357
0.465626
0.452690
0.467529
0.455066
0.466837
