-0.685353
-0.622924
-0.666222
-0.982067
-0.648961
-0.694943
-0.831874
-0.814289
-0.661107
-0.739633
-0.719763
-0.617894
-0.779347
-0.884027
-0.663848
-0.706773
-0.876042
-0.867181
-0.851304
-0.650863
-0.742450
-0.741425
-0.672377
-0.784695
-1.053188
-0.696312
-0.845825
-0.861745
-0.605835
-0.691315
-0.714068
-0.772528
-0.726607
-0.681877
-0.853489
-1.026554
-0.701443
-0.754936
-0.708575
-0.668501
-0.819692
-0.766886
-1.095783
-0.817326
-0.863439
-0.778747
-0.685338
-0.643750
-0.730902
-0.661467
-0.900937
-0.853922
-0.759665
-0.725864
-0.783516
-0.632403
-0.715080
-1.028477
-0.825414
-0.799869
-0.762206
-0.754730
-0.829953
-0.782596
-0.718038
-0.944023
-0.657822
-0.792313
-0.985765
-0.958286
-0.811076
-0.935931
-0.935032
-1.065512
-0.852767
-1.007787
-0.988983
-0.846010
-0.684467
-0.632864
-0.630956
-0.778710
-0.876584
-0.570449
-0.708290
-0.644838
-0.782056
-0.828522
-0.743781
-0.641864
-0.780068
-0.594203
-0.584808
-0.826801
-0.967232
-0.924419
-1.037391
-0.919512
-1.056163
-1.089139
-1.161582
-0.977739
-1.101131
-1.011725
-0.943938
-0.585664
-0.837532
-0.813941
-0.523918
-0.751239
-0.941031
-0.627748
-0.792538
-0.817312
-0.720106
-0.754238
-0.713995
-0.654012
-0.517311
-0.704540
-0.532058
-0.707434
-0.691327
-0.936242
-0.785013
-0.740528
-0.877991
-0.686982
-0.665574
-0.778852
-0.974928
-0.903943
-0.713135
-0.726169
-0.727520
-0.572715
-0.594501
-0.719746
-0.775966
-0.736485
-0.867665
-0.807445
-0.596587
-0.719830
-0.564629
-0.446991
-0.541915
-0.374285
-0.673044
-0.828285
-0.654840
-0.691463
-0.749692
-0.739925
-0.366200
-0.341569
-0.406948
-0.216973
-0.517614
-0.127891
-0.558677
-0.638730
-0.605553
-0.909580
-0.734461
-0.511086
-0.710456
-0.695084
-0.911753
-0.773240
-0.565048
-0.838267
-0.526881
-0.461012
-0.373990
-0.343912
-0.613146
-0.272817
-0.654459
-0.660625
-0.211481
-0.197413
-0.160029
-0.128642
-0.101251
0.165734
-0.039793
0.194462
-0.316373
-0.179468
-0.276591
-0.832166
-0.613737
-0.732464
-0.686035
-0.848795
-0.744524
-0.636556
-0.751278
-0.715210
-0.475005
-0.507393
-0.370511
-0.326759
-0.181620
-0.386098
-0.148847
-0.347324
0.373898
0.310200
0.526083
0.710997
0.228636
0.238206
0.021802
0.576667
-0.029786
0.272839
-0.266205
-0.505506
-0.712713
-0.987802
-0.820858
-0.820856
-0.712401
-0.784211
-0.749528
-0.699686
-0.385147
-0.215365
-0.248109
-0.435965
-0.593828
-0.210306
0.292359
0.530247
0.303573
0.566089
0.759673
0.525432
0.305280
0.462117
0.084826
0.050424
-0.294955
-0.238721
-0.066620
-0.386948
-0.697487
-1.083380
-0.698528
-0.751878
-0.801021
-0.712348
-0.894556
-0.637536
-0.616274
-0.275688
-0.080766
-0.231322
-0.480481
0.036413
0.222591
0.506509
0.552104
0.825761
0.390216
0.526675
0.436813
-0.046614
-0.057621
0.204202
-0.323002
-0.703469
-0.179359
-0.366705
-0.767275
-0.835123
-0.852842
-0.608345
-0.711170
-0.741407
-0.604999
-0.714195
-0.619455
-0.449422
-0.388383
-0.329387
-0.276423
0.047999
0.266621
0.051511
0.134125
-0.110808
0.343784
0.510035
0.688115
0.557858
-0.046373
-0.695779
-0.359634
-0.603715
-0.366236
-0.408956
-0.865374
-1.025014
-0.851465
-0.737905
-0.781398
-0.636666
-0.702325
-0.601584
-0.498952
-0.587670
-0.323371
-0.633586
-0.178082
0.281639
-0.234324
-0.291235
0.070813
0.057447
0.185857
0.446431
0.841830
0.585539
0.141873
0.023582
-0.301682
-0.301975
-0.493912
-0.442823
-0.880358
-0.723944
-0.721417
-0.840973
-0.762307
-0.721661
-0.679287
-0.515597
-0.471895
-0.344193
-0.648762
-0.503411
-0.329064
0.257144
0.413165
0.164778
0.225361
0.071611
0.302498
0.649434
0.743224
0.643673
0.366550
-0.047684
-0.264457
-0.411716
-0.795861
-0.953657
-0.610771
-0.578360
-0.601759
-0.772361
-0.737081
-0.637271
-0.624181
-0.454097
-0.886433
-0.806968
-0.624324
-0.580767
-0.471895
-0.288301
0.028024
-0.257668
-0.241790
-0.247397
0.141476
0.575223
0.628573
0.420522
0.308226
-0.019938
-0.112977
-0.576443
-0.669770
-1.034121
-0.645887
-0.498788
-0.674488
-0.754237
-0.639451
-0.675473
-0.623499
-0.452029
-0.721233
-0.576027
-0.537770
-0.399993
-0.033608
-0.370930
-0.421257
-0.511246
-0.344403
0.352749
-0.183862
0.348643
0.314154
0.435230
0.510210
0.339723
-0.193951
-0.191668
-0.686172
-0.592606
-0.773009
-0.837392
-0.529869
-0.675589
-1.018445
-0.787701
-0.906119
-0.583197
-0.812346
-0.847097
-0.159056
-0.321521
0.117616
-0.335611
-0.590293
-0.667479
-0.728479
-0.354510
0.214771
0.930708
0.211829
-0.237794
0.028143
0.127256
-0.083094
0.031044
-0.426722
-0.563749
-0.479118
-0.645182
-0.713272
-0.953856
-0.751841
-0.760562
-0.887077
-0.574053
-1.020218
-0.631083
-0.261559
-0.146485
-0.042442
-0.215689
-0.598160
-0.003782
-0.098078
0.146735
0.233323
0.185006
-0.030312
-0.029635
-0.061525
-0.005010
-0.084109
-0.220479
-0.744754
-0.592422
-0.696021
-0.662723
-0.641349
-0.812016
-0.699959
-0.664589
-0.837330
-0.737479
-0.972350
-0.780410
-0.514445
-0.540865
-0.235955
-0.293264
-0.166197
-0.078583
0.263708
0.220554
0.487777
0.018606
0.120454
-0.018201
-0.008801
-0.292876
-0.404125
-0.209085
-0.233305
-0.343396
-0.721993
-0.626229
-0.680162
-0.736986
-0.782529
-0.901582
-0.631077
-0.631404
-1.095135
-0.656802
-0.564452
-0.477120
-0.702808
-0.459408
-0.623226
-0.016277
-0.090565
0.198176
0.099902
-0.041156
0.156472
0.017109
-0.092527
-0.161958
-0.665031
-0.376011
-0.599419
-0.691983
-0.719049
-0.681389
-0.904435
-0.746519
-0.725272
-0.824207
-0.700532
-0.674241
-0.886360
-0.522858
-0.204016
-0.083747
-0.438276
-0.772412
-0.705548
-0.301972
-0.374540
0.173050
0.369868
0.833820
0.257767
0.447060
-0.182851
-0.690398
-0.370443
-0.479143
-0.512417
-0.703171
-0.802945
-0.739629
-0.508742
-0.677032
-0.639799
-0.819923
-0.740564
-0.375719
-0.836147
-0.492916
-0.299657
0.007308
-0.616208
-0.823220
-0.398279
-0.158352
0.068658
0.412617
0.681042
0.168656
0.312684
0.126009
-0.304538
0.002165
-0.213129
-0.486147
-0.260331
-0.517200
-0.799517
-0.580299
-0.587422
-0.704308
-0.746461
-0.737872
-0.758181
-0.612323
-0.682577
-0.319306
-0.188969
-0.082566
-0.449483
-0.505834
-0.362726
0.321209
0.478573
0.472625
0.142214
-0.191022
0.107536
-0.325893
-0.335840
0.003836
0.086254
-0.141320
-0.082588
-0.195171
-0.567725
-0.579816
-0.738369
-0.992673
-0.777204
-0.812211
-0.623189
-0.704779
-0.583018
-0.470285
-0.473109
0.063115
-0.277717
-0.319928
0.221487
0.403691
0.049196
0.140797
-0.407375
-0.455849
-0.429279
-0.518571
-0.587417
-0.411161
-0.344618
-0.061774
-0.291101
-0.143684
-0.498413
-0.867683
-0.857046
-1.092023
-0.816676
-0.767590
-0.807561
-0.584316
-0.659176
-0.610559
-0.510474
-0.423765
-0.237357
-0.467753
-0.188752
-0.311793
-0.615733
-0.801700
-0.935862
-0.667881
-0.511152
-0.593234
-0.634429
-0.667012
-0.601803
-0.486963
-0.305602
-0.302984
-0.362361
-0.679290
-0.733880
-0.808532
-0.592128
-0.898429
-0.712099
-0.687139
-0.528215
-0.566859
-0.581524
-0.686060
-0.944381
-0.520552
-1.015862
-1.198187
-1.571318
-1.092104
-0.960443
-0.960403
-0.817163
-1.106219
-0.751883
-0.959919
-0.633530
-0.872589
-0.435368
-0.582332
-0.684770
-0.808970
-0.777066
-0.821352
-0.670011
-0.656445
-0.664128
-0.771813
-0.523516
-0.781113
-0.767788
-1.009710
-1.096425
-0.869144
-1.022104
-0.984567
-0.997735
-0.940062
-0.856798
-0.823058
-1.012864
-1.167124
-1.034224
-1.093281
-0.903879
-0.716840
-0.479912
-0.629877
-0.542624
-1.010940
-0.863000
-0.785113
-0.765329
-0.839070
-0.740063
-0.823006
-0.624440
-0.627547
-0.821666
-0.934839
-0.822993
-1.143959
-0.788678
-1.168777
-1.176781
-1.125105
-1.041879
-1.002648
-0.830977
-0.758796
-0.597846
-0.861947
-0.755735
-0.612489
-0.728608
-0.818913
-0.861860
-0.696129
-0.725138
-0.684789
-0.756142
-0.753140
-0.622580
-0.657657
-0.797042
-0.760187
-0.584672
-0.845456
-0.518803
-0.716087
-0.771370
-0.699441
-0.910561
-0.741949
-0.851519
-0.782056
-0.779583
-0.668057
-0.675904
-0.694443
-0.686124
-0.744491
-0.648390
-1.038967
-0.704436
-0.795969
-0.788626
-0.738764
